1017.2
1016.1
1014.5
1013.4
1013.1
1011.8
1009.5
1009.3
1007.3
1006.5
1006.1
1006.5
1007.1
1008.5
1009.9
1011.4
1013
1014.1
1015.4
1016.1
1016.4
1017.2
1017.9
1018.5
1019.4
1020.5
1021.2
1021.7
1022.1
1022.2
1022.3
1022.2
1022.5
1022.9
1023.3
1023.6
1024
1024.1
1024.1
1024.1
1024.1
1023.8
1023.6
1022.9
1022.8
1022.5
1022.9
1023.1
1023.3
1023.8
1024.4
1024.8
1026
1026.7
1027.7
1028.2
1029.1
1030
1031.1
1031.8
1033.2
1034.5
1035.5
1036
1036.2
1036.5
1036.6
1036.3
1036.2
1036.3
1036.3
1036.2
1037.2
1038.1
1038.2
1038.1
1038
1038
1037.9
1037.9
1037.5
1037.4
1037.6
1037.4
1037
1037.1
1037.3
1037.2
1036.4
1035.6
1035.1
1034.2
1033.7
n
15
15.3
15.7
15.9
15.9
16.1
16.2
16.5
16.8
16.6
16.7
16.9
16.8
15.6
15.5
15.7
15.3
14.9
14.1
14
14.2
14.4
14.4
14.1
13.9
13.5
13.3
13.1
13
12.8
12.4
12.3
12.2
11.8
11.9
12.1
11.9
12
11.9
11.8
12.2
12.4
12.7
13.5
13.5
13.9
13.8
13.8
13.6
13.5
13.6
13.4
13.2
11
10.4
9.6
9.8
9.5
9.3
9.1
8.8
8.4
8.7
8.6
8.5
8.5
8.7
9.2
9.7
10.4
10.4
10.6
11.1
11.2
11.5
11.7
11.8
11.8
11.8
11.9
11.8
11.9
12.1
12.3
12.3
12.1
12.4
12.7
13.1
13.4
13.9
13.9
14.1
14.2
14.2
14.2
14.4
14.7
14.7
14.9
15
15.3
15.3
15.6
15.7
15.9
15.9
16.7
16
15.7
15.9
15.7
15.8
16.2
16.3
16.3
16.5
16.3
16.7
16.8
16.8
16.4
16.3
16.5
16.4
16.6
15.5
15.6
15.3
14.8
14.2
14.1
13.6
13.9
13.6
13.3
13.5
13.5
13.3
13.4
13.7
14.1
13.8
13.6
13.7
13.6
13.4
13.2
13.1
12.9
12.8
12
12.1
12.2
12
11.8
11.9
11.8
11.7
11.7
11.8
11.9
12.2
12.1
12.2
12.2
12.2
